 0 666.666687
 0 181.818176
 1 200.000000
 3 57.142857
 0 333.333344
 0 95.238098
 0 400.000000
 2 500.000000
 0 71.428574
 0 285.714294
 6 18.867924
 0 13.333333
 2 55.555557
 0 35.714287
 5 51.282051
 0 666.666687
 1 153.846161
 0 333.333344
 5 74.074074
 0 45.454544
 6 31.250000
 0 142.857147
 0 52.631580
 0 666.666687
 3 166.666672
 0 71.428574
 1 17.699116
 0 400.000000
 2 18.867924
 1 80.000000
 4 23.255814
 3 1000.000000
 0 666.666687
 0 35.087719
 1 181.818176
 1 18.348623
 0 34.482758
 4 30.769230
 0 200.000000
 0 666.666687
 2 1000.000000
 0 44.444443
 0 48.780487
 0 52.631580
 0 200.000000
 2 50.000000
 0 666.666687
 0 666.666687
 0 666.666687
 0 24.390244
 0 153.846161
 0 7.722008
 0 80.000000
 0 10.869565
 0 666.666687
 0 666.666687
 1 38.461540
 0 100.000000
 5 16.528925
 2 10.152285
 6 19.047619
 0 76.923080
 0 666.666687
 1 500.000000
 1 44.444443
 0 181.818176
 5 18.348623
 1 57.142857
 5 42.553192
 0 400.000000
 0 100.000000
 0 666.666687
