 0 14.814815
 0 10.928962
 0 13.698630
 0 22.222221
 0 16.129032
 0 13.986014
 0 13.513514
 0 15.151515
 0 16.949152
 0 10.416667
 0 12.422360
 0 15.625000
 0 27.027027
 0 12.121212
 0 18.018019
 0 12.820513
 1 24.096386
 1 31.250000
 2 26.315790
 2 25.641026
 5 14.184397
 3 14.492754
 6 12.345679
 0 13.333333
 0 21.505377
 0 10.000000
 0 13.157895
 2 28.571428
 3 12.269938
 2 10.050251
 3 9.900990
 4 17.543859
 3 16.806723
 3 10.152285
 3 68.965515
 4 14.388489
 0 13.513514
 4 19.607843
 0 10.256411
 0 13.793103
 0 71.428574
 3 10.101010
 0 50.000000
 0 30.303030
 0 17.094017
 0 27.397261
 4 33.333332
 2 18.867924
 2 54.054054
 3 9.900990
 1 15.503876
 0 10.582010
 0 16.000000
 1 9.950249
 4 31.250000
 2 26.666666
 2 13.513514
 0 9.900990
 2 14.492754
 0 10.000000
 1 16.000000
 0 13.698630
 0 9.708738
 2 14.388489
 0 9.852217
 0 15.625000
 4 22.471910
 0 18.867924
 0 15.873015
 2 19.801981
 0 9.708738
 2 40.000000
 0 0.000000
 0 0.000000
 0 0.000000
 0 0.000000
 0 0.000000
 255 1.115449
 0 0.000000
 0 0.000000
 -32768 0.061035
 0 0.000000
 0 0.000000
 0 0.000000
 0 0.000000
 0 0.000000
 0 0.000000
 0 0.000000
 0 0.000000
 0 0.000000
 0 0.000000
 0 0.000000
 0 0.000000
 0 0.000000
 0 0.000000
 255 1.115449
 255 2.600780
 0 0.000000
 0 0.000000
 0 0.000000
 0 0.000000
 0 0.000000
 255 2.600780
 255 2.600780
 0 0.000000
 0 0.000000
 0 0.000000
 0 0.000000
 0 0.000000
 0 0.000000
 0 0.000000
 0 0.000000
 0 0.000000
 0 0.000000
 0 0.000000
 0 0.000000
 0 0.000000
 0 0.000000
 0 0.000000
 0 0.000000
 0 0.000000
 0 0.000000
 -30720 0.065104
 -513 3.898635
 -3 666.666687
 -129 15.503876
 -33 60.606060
 -1 2000.000000
